<Hierarchy>:
<Frame>:
0
CrossPlains_Skull_01
<Transform>:
0.000000
0.000000
0.000000
0.000000
0.000000
0.000000
1.000000
1.000000
1.000000
0.000000
0.000000
0.000000
1.000000
<TransformMatrix>:
1.000000
0.000000
0.000000
0.000000
0.000000
1.000000
0.000000
0.000000
0.000000
0.000000
1.000000
0.000000
0.000000
0.000000
0.000000
1.000000
<Mesh>:
561
Craneo.002
<Bounds>:
-0.111394
0.018218
0.927297
1.296113
0.626183
1.048724
<Positions>:
561
-0.534292
-0.491574
1.927041
-0.553125
-0.597973
1.934599
-0.561522
-0.607964
1.976021
-0.533989
-0.538931
1.888229
-0.478039
-0.418435
1.898043
-0.487359
-0.475821
1.876371
-0.458100
-0.350555
1.844465
-0.471938
-0.414562
1.828114
-0.479641
-0.281579
1.776650
-0.487478
-0.356618
1.773945
-0.568695
-0.317973
1.780333
-0.566907
-0.389169
1.774736
-0.631169
-0.356618
1.728045
-0.639123
-0.281579
1.725706
-0.675233
-0.414562
1.763175
-0.695988
-0.350555
1.768476
-0.690643
-0.475821
1.811435
-0.710802
-0.418435
1.823691
-0.659523
-0.538931
1.848129
-0.681776
-0.491574
1.879930
-0.670812
-0.597973
1.897006
-0.687983
-0.607964
1.935626
0.195005
0.257412
0.356111
0.382105
0.193284
0.461178
0.401938
0.112071
0.420757
0.237151
0.197744
0.270963
0.028214
0.299079
0.238844
0.454155
0.015441
0.356000
0.466144
0.064536
0.604058
0.395660
0.155668
0.631543
0.059125
0.227773
0.131468
0.301797
0.116740
0.163738
-0.033033
0.219894
0.103411
-0.066862
0.294137
0.209317
-0.161450
0.299079
0.178259
0.462973
-0.048098
0.318987
0.303661
0.057527
0.116873
0.463267
-0.018275
0.580336
0.388572
0.030946
0.887348
0.392631
-0.032245
0.869998
0.449992
-0.116432
0.284878
0.438030
-0.101770
0.554065
0.290182
-0.012721
0.082412
0.376508
-0.094353
0.842016
0.215301
-0.185000
1.049991
0.199744
-0.247204
1.020632
0.059316
0.007039
-0.050490
0.078087
0.081079
-0.020445
0.020104
0.006341
-0.062937
0.088135
0.142037
0.025903
0.013104
0.080254
-0.041023
0.000589
0.140510
-0.001843
-0.051775
0.081079
-0.061927
-0.019062
0.007039
-0.075527
-0.124390
0.227773
0.072848
-0.086830
0.142037
-0.029987
-0.315183
0.057527
-0.080805
-0.284222
-0.012721
-0.101071
-0.340832
0.116740
-0.041538
-0.350317
0.197744
0.083307
-0.365336
0.257412
0.177120
-0.562161
-0.048098
-0.008473
-0.531810
-0.116432
-0.028741
-0.576433
0.015441
0.026798
-0.571425
0.112071
0.109834
-0.578698
0.193284
0.154267
-0.642211
0.210115
0.360682
-0.688505
0.155668
0.285227
-0.730004
0.064536
0.221970
-0.713908
-0.018275
0.204308
-0.831023
0.030946
0.497771
-0.678114
-0.101769
0.197534
-0.824272
-0.032245
0.481280
-0.794913
-0.094353
0.467827
-0.784124
-0.185000
0.730743
-0.754428
-0.247204
0.715839
-0.752084
-0.310896
1.049798
-0.721253
-0.374322
1.035431
-0.794109
-0.400491
1.237056
-0.780531
-0.447079
1.255342
-0.796705
-0.501099
1.409616
-0.805506
-0.459507
1.392129
0.004234
-0.310896
1.291390
-0.012558
-0.374322
1.261810
0.199744
-0.247204
1.020632
0.215301
-0.185000
1.049991
0.000420
-0.247585
1.308349
-0.072502
-0.360152
1.447167
-0.070079
-0.400491
1.468335
-0.150689
-0.459507
1.601298
-0.161891
-0.426838
1.589477
-0.183818
-0.359052
1.590659
-0.116232
-0.263592
1.453910
-0.217255
-0.302133
1.615938
-0.161081
-0.187338
1.468324
-0.258231
-0.277102
1.673759
0.213052
-0.120965
1.064387
0.392631
-0.032245
0.869998
0.388572
0.030946
0.887348
-0.061495
-0.148875
1.331685
0.042697
-0.178147
1.258946
0.218640
-0.090670
1.062365
-0.026855
-0.119581
1.291857
0.037797
-0.094721
1.222212
0.196429
-0.055305
1.059828
-0.054386
0.029225
1.220608
0.351364
0.038819
0.917223
0.280247
0.069456
0.933199
-0.084730
-0.034311
1.297168
-0.116826
-0.067529
1.342272
-0.133250
0.071023
1.240258
0.007599
0.131314
1.051090
0.298798
0.110456
0.891143
-0.225460
-0.097784
1.459438
-0.052457
0.166604
1.038833
0.163522
0.159881
0.924846
-0.199561
0.070312
1.279470
0.214901
0.167996
0.889676
0.093207
0.205492
0.897360
0.063743
0.257601
0.856790
-0.105134
0.188070
1.022895
0.225351
0.177976
0.869927
0.312327
0.124874
0.871600
0.395660
0.155668
0.631543
0.466144
0.064536
0.604058
0.314196
0.210115
0.666189
0.401938
0.112071
0.420757
0.382105
0.193284
0.461178
0.190852
0.247171
0.695121
0.305674
0.233890
0.534189
0.148851
0.300956
0.442396
0.195005
0.257412
0.356111
-0.006244
0.346679
0.349171
0.028214
0.299079
0.238844
-0.066862
0.294137
0.209317
0.064128
0.336993
0.625254
-0.030133
0.312080
0.807320
-0.062973
0.386281
0.552890
-0.168837
0.209730
1.035848
-0.257962
0.080110
1.306670
-0.295014
-0.057974
1.472784
-0.337195
-0.211080
1.665050
-0.364402
-0.259789
1.726897
-0.290155
-0.299212
1.718049
-0.397753
-0.301438
1.759766
-0.315865
-0.321296
1.742883
-0.401795
-0.380263
1.837889
-0.345490
-0.409971
1.831313
-0.430688
-0.465919
1.896716
-0.383337
-0.513402
1.895388
-0.446146
-0.567353
1.952388
-0.490219
-0.529463
1.939715
-0.561522
-0.607964
1.976021
-0.534292
-0.491574
1.927041
-0.478039
-0.418435
1.898043
-0.458100
-0.350555
1.844465
-0.479641
-0.281579
1.776650
-0.442665
-0.221062
1.735079
-0.568695
-0.317973
1.780333
-0.411187
-0.163912
1.653276
-0.548621
-0.239398
1.717492
-0.354926
-0.034434
1.474747
-0.645152
-0.221062
1.670398
-0.639123
-0.281579
1.725706
-0.324720
0.085776
1.311860
-0.232540
0.231389
1.048800
-0.328204
0.243635
1.027462
-0.123603
0.344912
0.756579
-0.410316
0.085776
1.284518
-0.460356
-0.034765
1.441173
-0.517340
-0.164660
1.619564
-0.623379
-0.163912
1.585495
-0.217819
0.364432
0.681896
-0.565727
-0.034434
1.407410
-0.159644
0.394144
0.499775
-0.495912
0.085776
1.257176
-0.102021
0.341885
0.319384
-0.197331
0.346679
0.288132
-0.161450
0.299079
0.178259
-0.365336
0.257412
0.177120
-0.269205
0.386281
0.487013
-0.337883
0.344912
0.688131
-0.377749
0.300956
0.274183
-0.578698
0.193284
0.154267
-0.418523
0.231389
0.989391
-0.443460
0.312080
0.675290
-0.414720
0.336993
0.472295
-0.548630
0.257601
0.661179
-0.462921
0.209730
0.941908
-0.558745
0.233890
0.258066
-0.642211
0.210115
0.360682
-0.558480
0.247171
0.455761
-0.687928
0.177976
0.578197
-0.688505
0.155668
0.285227
-0.547298
0.080110
1.214246
-0.507319
0.188070
0.894425
-0.613406
-0.057974
1.371080
-0.579117
0.070312
1.158228
-0.690495
-0.211080
1.552194
-0.662343
-0.097784
1.319884
-0.704179
-0.259789
1.618362
-0.759886
-0.277102
1.513515
-0.696059
-0.301438
1.664478
-0.695988
-0.350555
1.768476
-0.759548
-0.299212
1.568109
-0.752996
-0.321296
1.603249
-0.738055
-0.380263
1.730477
-0.780121
-0.409971
1.692478
-0.710802
-0.418435
1.823691
-0.748615
-0.465919
1.795160
-0.786427
-0.513402
1.766628
-0.768292
-0.567353
1.849484
-0.725034
-0.529463
1.864707
-0.681776
-0.491574
1.879930
-0.687983
-0.607964
1.935626
-0.719953
-0.187338
1.289803
-0.759754
-0.302133
1.442646
-0.682939
-0.067529
1.161438
-0.748140
-0.263592
1.252059
-0.772345
-0.359052
1.402664
-0.721886
-0.148875
1.120735
-0.758807
-0.247585
1.065828
-0.779863
-0.360152
1.221213
-0.789527
-0.426838
1.388990
-0.805506
-0.459507
1.392129
-0.794109
-0.400491
1.237056
-0.752084
-0.310896
1.049798
-0.784124
-0.185000
0.730743
-0.790637
-0.120965
0.743777
-0.824272
-0.032245
0.481280
-0.831023
0.030946
0.497771
-0.682944
-0.034311
1.106080
-0.727023
-0.119581
1.068201
-0.764616
-0.178147
1.001064
-0.610417
0.071023
1.087836
-0.794017
-0.090670
0.738890
-0.739328
-0.094721
0.973974
-0.663286
0.029225
1.026107
-0.774449
-0.055305
0.749699
-0.615521
0.131314
0.852046
-0.559480
0.166604
0.876874
-0.669385
0.159881
0.658790
-0.818024
0.038819
0.543684
-0.769338
0.069456
0.597928
-0.596157
0.205492
0.677155
-0.690861
0.167996
0.600347
-0.760073
0.110456
0.552906
-0.759767
0.124874
0.529139
-0.730004
0.064536
0.221970
-0.070079
-0.400491
1.468335
-0.012558
-0.374322
1.261810
0.004234
-0.310896
1.291390
-0.091743
-0.447079
1.475363
-0.167998
-0.501099
1.610445
-0.150689
-0.459507
1.601298
-0.189802
-0.414429
1.567114
-0.172401
-0.422971
1.550331
-0.177748
-0.439485
1.583975
-0.183463
-0.392064
1.537234
-0.210494
-0.352063
1.564723
-0.204286
-0.329896
1.534669
-0.183818
-0.359052
1.590659
-0.161891
-0.426838
1.589477
-0.217255
-0.302133
1.615938
-0.239417
-0.302655
1.585250
-0.234056
-0.279316
1.555929
-0.258231
-0.277102
1.673759
-0.268062
-0.285009
1.638066
-0.269353
-0.258549
1.611022
-0.290155
-0.299212
1.718049
-0.287800
-0.305708
1.680827
-0.315865
-0.321296
1.742883
-0.297154
-0.279629
1.655030
-0.305948
-0.323590
1.706420
-0.319984
-0.300330
1.680055
-0.330376
-0.405820
1.796853
-0.346467
-0.384456
1.770060
-0.370518
-0.510708
1.859870
-0.381332
-0.483023
1.836422
-0.437995
-0.567153
1.915419
-0.439943
-0.535752
1.894364
-0.446146
-0.567353
1.952388
-0.383337
-0.513402
1.895388
-0.561522
-0.607964
1.976021
-0.521125
-0.597821
1.936455
-0.494436
-0.562347
1.898088
-0.553125
-0.597973
1.934599
-0.533989
-0.538931
1.888229
-0.177748
-0.439485
1.583975
-0.172401
-0.422971
1.550331
-0.187115
-0.461770
1.560528
-0.194562
-0.487826
1.586963
-0.150689
-0.459507
1.601298
-0.167998
-0.501099
1.610445
-0.161891
-0.426838
1.589477
-0.189802
-0.414429
1.567114
-0.194562
-0.487826
1.586963
-0.187115
-0.461770
1.560528
-0.123321
-0.407232
1.432714
-0.114405
-0.441726
1.445515
-0.167998
-0.501099
1.610445
-0.062661
-0.336228
1.240777
-0.091743
-0.447079
1.475363
-0.044132
-0.369231
1.241553
0.136143
-0.231815
1.031672
-0.012558
-0.374322
1.261810
0.162836
-0.251435
1.013350
0.314394
-0.095893
0.865327
0.199744
-0.247204
1.020632
0.343001
-0.111503
0.846062
0.383884
-0.102503
0.592427
0.376508
-0.094353
0.842016
0.411787
-0.120325
0.574070
0.403803
-0.116208
0.332526
0.438030
-0.101770
0.554065
0.424850
-0.134331
0.306802
0.255117
-0.018131
0.138492
0.449992
-0.116432
0.284878
0.269937
-0.033125
0.107049
0.037140
0.000669
0.011731
0.290182
-0.012721
0.082412
0.048438
-0.014284
-0.021162
0.059316
0.007039
-0.050490
0.000004
0.000003
-0.000011
0.010583
-0.014969
-0.033132
0.020104
0.006341
-0.062937
-0.019062
0.007039
-0.075527
-0.027201
-0.014284
-0.045323
-0.037063
0.000669
-0.011972
-0.284222
-0.012721
-0.101071
-0.282008
-0.033125
-0.069260
-0.288160
-0.018131
-0.035047
-0.531810
-0.116432
-0.028741
-0.524033
-0.134331
0.003698
-0.521797
-0.116208
0.036861
-0.678114
-0.101769
0.197534
-0.668328
-0.120325
0.229047
-0.656234
-0.102503
0.260180
-0.794913
-0.094353
0.467827
-0.769957
-0.111503
0.490548
-0.757815
-0.095893
0.522829
-0.754428
-0.247204
0.715839
-0.720133
-0.251435
0.731302
-0.709004
-0.231815
0.761705
-0.721253
-0.374322
1.035431
-0.683783
-0.369231
1.037228
-0.668235
-0.336228
1.047337
-0.780531
-0.447079
1.255342
-0.744762
-0.441726
1.244159
-0.796705
-0.501099
1.409616
-0.730076
-0.407232
1.238897
-0.761448
-0.487826
1.405882
-0.752191
-0.461770
1.380025
-0.345490
-0.409971
1.831313
-0.305948
-0.323590
1.706420
-0.315865
-0.321296
1.742883
-0.330376
-0.405820
1.796853
-0.383337
-0.513402
1.895388
-0.370518
-0.510708
1.859870
-0.753819
-0.414429
1.386949
-0.773416
-0.439485
1.393699
-0.758269
-0.422971
1.363186
-0.741663
-0.392064
1.358927
-0.735573
-0.352062
1.396996
-0.723209
-0.329896
1.368908
-0.772345
-0.359052
1.402664
-0.789527
-0.426838
1.388990
-0.759754
-0.302133
1.442646
-0.723906
-0.302655
1.430489
-0.711277
-0.279316
1.403490
-0.759886
-0.277102
1.513515
-0.731183
-0.285009
1.490130
-0.714453
-0.258549
1.468843
-0.759548
-0.299212
1.568109
-0.739890
-0.305708
1.536416
-0.752996
-0.321296
1.603249
-0.717312
-0.279629
1.520818
-0.739939
-0.323590
1.567790
-0.713217
-0.300330
1.554444
-0.772459
-0.405820
1.655638
-0.743816
-0.384456
1.643135
-0.776282
-0.510708
1.730256
-0.753878
-0.483023
1.717419
-0.786427
-0.513402
1.766628
-0.780121
-0.409971
1.692478
-0.768292
-0.567353
1.849484
-0.753502
-0.567153
1.814636
-0.739710
-0.535752
1.798609
-0.687983
-0.607964
1.935626
-0.697961
-0.597821
1.879968
-0.697467
-0.562347
1.833234
-0.670812
-0.597973
1.897006
-0.659523
-0.538931
1.848129
-0.773416
-0.439485
1.393699
-0.752191
-0.461770
1.380025
-0.758269
-0.422971
1.363186
-0.761448
-0.487826
1.405882
-0.805506
-0.459507
1.392129
-0.796705
-0.501099
1.409616
-0.789527
-0.426838
1.388990
-0.753819
-0.414429
1.386949
-0.780121
-0.409971
1.692478
-0.752996
-0.321296
1.603249
-0.739939
-0.323590
1.567790
-0.772459
-0.405820
1.655638
0.398683
-0.058140
0.689878
0.241637
-0.054401
0.693358
0.267643
-0.087072
0.639041
0.370679
-0.028093
0.741563
0.550153
-0.005216
0.800251
0.579174
-0.033601
0.750860
0.804441
-0.036433
0.781596
0.336384
0.117753
0.745703
0.213783
0.100885
0.701252
0.268969
0.148180
0.536558
0.392739
0.163895
0.585542
0.571410
0.174487
0.649127
0.513913
0.131999
0.803426
0.766011
-0.002414
0.829032
0.727847
0.093723
0.811230
0.766167
0.117149
0.699352
0.944660
0.099329
0.709325
0.968198
0.029946
0.827921
1.008688
0.004323
0.786910
1.160190
0.143712
0.776179
0.921145
0.088974
0.803872
1.118899
0.149945
0.816167
1.051976
0.168795
0.792758
1.063099
0.169493
0.697724
1.094587
0.306244
0.697844
1.093619
0.310176
0.775093
1.064827
0.468845
0.719875
1.151968
0.312477
0.796677
1.184719
0.312534
0.762745
1.067034
0.472568
0.768385
0.974658
0.644401
0.776709
1.103477
0.476511
0.782846
1.122655
0.476741
0.761703
0.312703
0.005969
0.483070
0.268969
0.148180
0.536558
0.392739
0.163895
0.585542
0.443367
0.030373
0.537850
0.308670
-0.052414
0.518369
0.571410
0.174487
0.649127
0.440758
-0.024645
0.573070
0.267643
-0.087072
0.639041
0.398683
-0.058140
0.689878
0.579174
-0.033601
0.750860
0.623534
0.047638
0.604182
0.766167
0.117149
0.699352
0.621573
-0.003548
0.638382
0.823955
0.031656
0.656395
0.834331
-0.019153
0.692295
1.026677
0.011442
0.708291
0.804441
-0.036433
0.781596
1.008688
0.004323
0.786910
1.160190
0.143712
0.776179
1.004048
0.044456
0.673297
0.944660
0.099329
0.709325
1.063099
0.169493
0.697724
1.165799
0.142351
0.698509
1.184719
0.312534
0.762745
1.131735
0.148325
0.664249
1.182442
0.307911
0.698517
1.122655
0.476741
0.761703
1.149477
0.304184
0.668782
1.094587
0.306244
0.697844
1.064827
0.468845
0.719875
1.119117
0.472959
0.721118
0.974658
0.644401
0.776709
1.097472
0.469391
0.701816
-0.724785
-0.058140
0.331006
-0.588541
-0.087072
0.365549
-0.598839
-0.054401
0.424883
-0.731930
-0.028093
0.389355
-0.912192
-0.005216
0.333132
-0.907206
-0.033601
0.276063
-1.108577
-0.036433
0.170518
-0.706386
0.117753
0.412610
-0.580718
0.100886
0.447463
-0.530211
0.148180
0.281275
-0.659458
0.163895
0.249437
-0.841904
0.174487
0.197669
-0.884503
0.132000
0.356727
-1.104761
-0.002414
0.231448
-1.063345
0.093723
0.239066
-1.029712
0.117149
0.125692
-1.180934
0.099329
0.030343
-1.268864
0.029946
0.113332
-1.278082
0.004323
0.056443
-1.395308
0.143712
-0.040128
-1.216583
0.088974
0.121014
-1.384845
0.149946
0.016392
-1.316744
0.168796
0.036113
-1.270715
0.169493
-0.047770
-1.296441
0.306244
-0.065927
-1.340435
0.310176
-0.002421
-1.284964
0.468845
-0.030722
-1.400491
0.312477
-0.018660
-1.407507
0.312534
-0.065294
-1.314884
0.472569
0.007525
-1.244440
0.644401
0.067859
-1.352962
0.476511
-0.001819
-1.356332
0.476741
-0.030164
-0.534839
0.005969
0.212338
-0.659458
0.163895
0.249437
-0.530211
0.148180
0.281275
-0.673063
0.030373
0.181227
-0.552016
-0.052414
0.243439
-0.841904
0.174487
0.197669
-0.691355
-0.024645
0.211438
-0.588541
-0.087072
0.365549
-0.724785
-0.058140
0.331006
-0.907206
-0.033601
0.276063
-0.858321
0.047638
0.130831
-1.029712
0.117149
0.125692
-0.876549
-0.003548
0.159834
-1.051897
0.031656
0.057189
-1.081162
-0.019153
0.080426
-1.247163
0.011442
-0.018046
-1.108577
-0.036433
0.170518
-1.278082
0.004323
0.056443
-1.395308
0.143712
-0.040128
-1.208438
0.044456
-0.033441
-1.180934
0.099329
0.030343
-1.270715
0.169493
-0.047770
-1.354852
0.142351
-0.106667
-1.407507
0.312534
-0.065294
-1.307235
0.148325
-0.114836
-1.368418
0.307911
-0.116309
-1.356332
0.476741
-0.030164
-1.324319
0.304184
-0.121427
-1.296441
0.306244
-0.065927
-1.284964
0.468845
-0.030722
-1.329921
0.472959
-0.061182
-1.244440
0.644401
0.067859
-1.301095
0.469391
-0.064362
-0.663286
0.029225
1.026107
-0.615521
0.131314
0.852046
-0.593584
0.080030
0.829198
-0.619751
0.009167
0.954221
-0.630708
0.102573
0.686099
-0.739328
-0.094721
0.973974
-0.669385
0.159881
0.658790
-0.671528
-0.071819
0.917844
-0.691633
0.038135
0.643466
-0.774449
-0.055305
0.749699
-0.769338
0.069456
0.597928
-0.698750
-0.051039
0.754971
-0.054386
0.029225
1.220608
0.002969
0.080030
1.019756
0.007599
0.131314
1.051090
-0.048186
0.009167
1.136796
0.116175
0.102573
0.924677
0.037797
-0.094721
1.222212
0.163522
0.159881
0.924846
0.015091
-0.071819
1.137172
0.190533
0.038135
0.925257
0.196429
-0.055305
1.059828
0.280247
0.069456
0.933199
0.131691
-0.051039
1.020240
<Colors>:
561
1.000000
1.000000
1.000000
1.000000
1.000000
1.000000
1.000000
1.000000
1.000000
1.000000
1.000000
1.000000
1.000000
1.000000
1.000000
1.000000
1.000000
1.000000
1.000000
1.000000
1.000000
1.000000
1.000000
1.000000
1.000000
1.000000
1.000000
1.000000
1.000000
1.000000
1.000000
1.000000
1.000000
1.000000
1.000000
1.000000
1.000000
1.000000
1.000000
1.000000
1.000000
1.000000
1.000000
1.000000
1.000000
1.000000
1.000000
1.000000
1.000000
1.000000
1.000000
1.000000
1.000000
1.000000
1.000000
1.000000
1.000000
1.000000
1.000000
1.000000
1.000000
1.000000
1.000000
1.000000
1.000000
1.000000
1.000000
1.000000
1.000000
1.000000
1.000000
1.000000
1.000000
1.000000
1.000000
1.000000
1.000000
1.000000
1.000000
1.000000
1.000000
1.000000
1.000000
1.000000
1.000000
1.000000
1.000000
1.000000
1.000000
1.000000
1.000000
1.000000
1.000000
1.000000
1.000000
1.000000
1.000000
1.000000
1.000000
1.000000
1.000000
1.000000
1.000000
1.000000
1.000000
1.000000
1.000000
1.000000
1.000000
1.000000
1.000000
1.000000
1.000000
1.000000
1.000000
1.000000
1.000000
1.000000
1.000000
1.000000
1.000000
1.000000
1.000000
1.000000
1.000000
1.000000
1.000000
1.000000
1.000000
1.000000
1.000000
1.000000
1.000000
1.000000
1.000000
1.000000
1.000000
1.000000
1.000000
1.000000
1.000000
1.000000
1.000000
1.000000
1.000000
1.000000
1.000000
1.000000
1.000000
1.000000
1.000000
1.000000
1.000000
1.000000
1.000000
1.000000
1.000000
1.000000
1.000000
1.000000
1.000000
1.000000
1.000000
1.000000
1.000000
1.000000
1.000000
1.000000
1.000000
1.000000
1.000000
1.000000
1.000000
1.000000
1.000000
1.000000
1.000000
1.000000
1.000000
1.000000
1.000000
1.000000
1.000000
1.000000
1.000000
1.000000
1.000000
1.000000
1.000000
1.000000
1.000000
1.000000
1.000000
1.000000
1.000000
1.000000
1.000000
1.000000
1.000000
1.000000
1.000000
1.000000
1.000000
1.000000
1.000000
1.000000
1.000000
1.000000
1.000000
1.000000
1.000000
1.000000
1.000000
1.000000
1.000000
1.000000
1.000000
1.000000
1.000000
1.000000
1.000000
1.000000
1.000000
1.000000
1.000000
1.000000
1.000000
1.000000
1.000000
1.000000
1.000000
1.000000
1.000000
1.000000
1.000000
1.000000
1.000000
1.000000
1.000000
1.000000
1.000000
1.000000
1.000000
1.000000
1.000000
1.000000
1.000000
1.000000
1.000000
1.000000
1.000000
1.000000
1.000000
1.000000
1.000000
1.000000
1.000000
1.000000
1.000000
1.000000
1.000000
1.000000
1.000000
1.000000
1.000000
1.000000
1.000000
1.000000
1.000000
1.000000
1.000000
1.000000
1.000000
1.000000
1.000000
1.000000
1.000000
1.000000
1.000000
1.000000
1.000000
1.000000
1.000000
1.000000
1.000000
1.000000
1.000000
1.000000
1.000000
1.000000
1.000000
1.000000
1.000000
1.000000
1.000000
1.000000
1.000000
1.000000
1.000000
1.000000
1.000000
1.000000
1.000000
1.000000
1.000000
1.000000
1.000000
1.000000
1.000000
1.000000
1.000000
1.000000
1.000000
1.000000
1.000000
1.000000
1.000000
1.000000
1.000000
1.000000
1.000000
1.000000
1.000000
1.000000
1.000000
1.000000
1.000000
1.000000
1.000000
1.000000
1.000000
1.000000
1.000000
1.000000
1.000000
1.000000
1.000000
1.000000
1.000000
1.000000
1.000000
1.000000
1.000000
1.000000
1.000000
1.000000
1.000000
1.000000
1.000000
1.000000
1.000000
1.000000
1.000000
1.000000
1.000000
1.000000
1.000000
1.000000
1.000000
1.000000
1.000000
1.000000
1.000000
1.000000
1.000000
1.000000
1.000000
1.000000
1.000000
1.000000
1.000000
1.000000
1.000000
1.000000
1.000000
1.000000
1.000000
1.000000
1.000000
1.000000
1.000000
1.000000
1.000000
1.000000
1.000000
1.000000
1.000000
1.000000
1.000000
1.000000
1.000000
1.000000
1.000000
1.000000
1.000000
1.000000
1.000000
1.000000
1.000000
1.000000
1.000000
1.000000
1.000000
1.000000
1.000000
1.000000
1.000000
1.000000
1.000000
1.000000
1.000000
1.000000
1.000000
1.000000
1.000000
1.000000
1.000000
1.000000
1.000000
1.000000
1.000000
1.000000
1.000000
1.000000
1.000000
1.000000
1.000000
1.000000
1.000000
1.000000
1.000000
1.000000
1.000000
1.000000
1.000000
1.000000
1.000000
1.000000
1.000000
1.000000
1.000000
1.000000
1.000000
1.000000
1.000000
1.000000
1.000000
1.000000
1.000000
1.000000
1.000000
1.000000
1.000000
1.000000
1.000000
1.000000
1.000000
1.000000
1.000000
1.000000
1.000000
1.000000
1.000000
1.000000
1.000000
1.000000
1.000000
1.000000
1.000000
1.000000
1.000000
1.000000
1.000000
1.000000
1.000000
1.000000
1.000000
1.000000
1.000000
1.000000
1.000000
1.000000
1.000000
1.000000
1.000000
1.000000
1.000000
1.000000
1.000000
1.000000
1.000000
1.000000
1.000000
1.000000
1.000000
1.000000
1.000000
1.000000
1.000000
1.000000
1.000000
1.000000
1.000000
1.000000
1.000000
1.000000
1.000000
1.000000
1.000000
1.000000
1.000000
1.000000
1.000000
1.000000
1.000000
1.000000
1.000000
1.000000
1.000000
1.000000
1.000000
1.000000
1.000000
1.000000
1.000000
1.000000
1.000000
1.000000
1.000000
1.000000
1.000000
1.000000
1.000000
1.000000
1.000000
1.000000
1.000000
1.000000
1.000000
1.000000
1.000000
1.000000
1.000000
1.000000
1.000000
1.000000
1.000000
1.000000
1.000000
1.000000
1.000000
1.000000
1.000000
1.000000
1.000000
1.000000
1.000000
1.000000
1.000000
1.000000
1.000000
1.000000
1.000000
1.000000
1.000000
1.000000
1.000000
1.000000
1.000000
1.000000
1.000000
1.000000
1.000000
1.000000
1.000000
1.000000
1.000000
1.000000
1.000000
1.000000
1.000000
1.000000
1.000000
1.000000
1.000000
1.000000
1.000000
1.000000
1.000000
1.000000
1.000000
1.000000
1.000000
1.000000
1.000000
1.000000
1.000000
1.000000
1.000000
1.000000
1.000000
1.000000
1.000000
1.000000
1.000000
1.000000
1.000000
1.000000
1.000000
1.000000
1.000000
1.000000
1.000000
1.000000
1.000000
1.000000
1.000000
1.000000
1.000000
1.000000
1.000000
1.000000
1.000000
1.000000
1.000000
1.000000
1.000000
1.000000
1.000000
1.000000
1.000000
1.000000
1.000000
1.000000
1.000000
1.000000
1.000000
1.000000
1.000000
1.000000
1.000000
1.000000
1.000000
1.000000
1.000000
1.000000
1.000000
1.000000
1.000000
1.000000
1.000000
1.000000
1.000000
1.000000
1.000000
1.000000
1.000000
1.000000
1.000000
1.000000
1.000000
1.000000
1.000000
1.000000
1.000000
1.000000
1.000000
1.000000
1.000000
1.000000
1.000000
1.000000
1.000000
1.000000
1.000000
1.000000
1.000000
1.000000
1.000000
1.000000
1.000000
1.000000
1.000000
1.000000
1.000000
1.000000
1.000000
1.000000
1.000000
1.000000
1.000000
1.000000
1.000000
1.000000
1.000000
1.000000
1.000000
1.000000
1.000000
1.000000
1.000000
1.000000
1.000000
1.000000
1.000000
1.000000
1.000000
1.000000
1.000000
1.000000
1.000000
1.000000
1.000000
1.000000
1.000000
1.000000
1.000000
1.000000
1.000000
1.000000
1.000000
1.000000
1.000000
1.000000
1.000000
1.000000
1.000000
1.000000
1.000000
1.000000
1.000000
1.000000
1.000000
1.000000
1.000000
1.000000
1.000000
1.000000
1.000000
1.000000
1.000000
1.000000
1.000000
1.000000
1.000000
1.000000
1.000000
1.000000
1.000000
1.000000
1.000000
1.000000
1.000000
1.000000
1.000000
1.000000
1.000000
1.000000
1.000000
1.000000
1.000000
1.000000
1.000000
1.000000
1.000000
1.000000
1.000000
1.000000
1.000000
1.000000
1.000000
1.000000
1.000000
1.000000
1.000000
1.000000
1.000000
1.000000
1.000000
1.000000
1.000000
1.000000
1.000000
1.000000
1.000000
1.000000
1.000000
1.000000
1.000000
1.000000
1.000000
1.000000
1.000000
1.000000
1.000000
1.000000
1.000000
1.000000
1.000000
1.000000
1.000000
1.000000
1.000000
1.000000
1.000000
1.000000
1.000000
1.000000
1.000000
1.000000
1.000000
1.000000
1.000000
1.000000
1.000000
1.000000
1.000000
1.000000
1.000000
1.000000
1.000000
1.000000
1.000000
1.000000
1.000000
1.000000
1.000000
1.000000
1.000000
1.000000
1.000000
1.000000
1.000000
1.000000
1.000000
1.000000
1.000000
1.000000
1.000000
1.000000
1.000000
1.000000
1.000000
1.000000
1.000000
1.000000
1.000000
1.000000
1.000000
1.000000
1.000000
1.000000
1.000000
1.000000
1.000000
1.000000
1.000000
1.000000
1.000000
1.000000
1.000000
1.000000
1.000000
1.000000
1.000000
1.000000
1.000000
1.000000
1.000000
1.000000
1.000000
1.000000
1.000000
1.000000
1.000000
1.000000
1.000000
1.000000
1.000000
1.000000
1.000000
1.000000
1.000000
1.000000
1.000000
1.000000
1.000000
1.000000
1.000000
1.000000
1.000000
1.000000
1.000000
1.000000
1.000000
1.000000
1.000000
1.000000
1.000000
1.000000
1.000000
1.000000
1.000000
1.000000
1.000000
1.000000
1.000000
1.000000
1.000000
1.000000
1.000000
1.000000
1.000000
1.000000
1.000000
1.000000
1.000000
1.000000
1.000000
1.000000
1.000000
1.000000
1.000000
1.000000
1.000000
1.000000
1.000000
1.000000
1.000000
1.000000
1.000000
1.000000
1.000000
1.000000
1.000000
1.000000
1.000000
1.000000
1.000000
1.000000
1.000000
1.000000
1.000000
1.000000
1.000000
1.000000
1.000000
1.000000
1.000000
1.000000
1.000000
1.000000
1.000000
1.000000
1.000000
1.000000
1.000000
1.000000
1.000000
1.000000
1.000000
1.000000
1.000000
1.000000
1.000000
1.000000
1.000000
1.000000
1.000000
1.000000
1.000000
1.000000
1.000000
1.000000
1.000000
1.000000
1.000000
1.000000
1.000000
1.000000
1.000000
1.000000
1.000000
1.000000
1.000000
1.000000
1.000000
1.000000
1.000000
1.000000
1.000000
1.000000
1.000000
1.000000
1.000000
1.000000
1.000000
1.000000
1.000000
1.000000
1.000000
1.000000
1.000000
1.000000
1.000000
1.000000
1.000000
1.000000
1.000000
1.000000
1.000000
1.000000
1.000000
1.000000
1.000000
1.000000
1.000000
1.000000
1.000000
1.000000
1.000000
1.000000
1.000000
1.000000
1.000000
1.000000
1.000000
1.000000
1.000000
1.000000
1.000000
1.000000
1.000000
1.000000
1.000000
1.000000
1.000000
1.000000
1.000000
1.000000
1.000000
1.000000
1.000000
1.000000
1.000000
1.000000
1.000000
1.000000
1.000000
1.000000
1.000000
1.000000
1.000000
1.000000
1.000000
1.000000
1.000000
1.000000
1.000000
1.000000
1.000000
1.000000
1.000000
1.000000
1.000000
1.000000
1.000000
1.000000
1.000000
1.000000
1.000000
1.000000
1.000000
1.000000
1.000000
1.000000
1.000000
1.000000
1.000000
1.000000
1.000000
1.000000
1.000000
1.000000
1.000000
1.000000
1.000000
1.000000
1.000000
1.000000
1.000000
1.000000
1.000000
1.000000
1.000000
1.000000
1.000000
1.000000
1.000000
1.000000
1.000000
1.000000
1.000000
1.000000
1.000000
1.000000
1.000000
1.000000
1.000000
1.000000
1.000000
1.000000
1.000000
1.000000
1.000000
1.000000
1.000000
1.000000
1.000000
1.000000
1.000000
1.000000
1.000000
1.000000
1.000000
1.000000
1.000000
1.000000
1.000000
1.000000
1.000000
1.000000
1.000000
1.000000
1.000000
1.000000
1.000000
1.000000
1.000000
1.000000
1.000000
1.000000
1.000000
1.000000
1.000000
1.000000
1.000000
1.000000
1.000000
1.000000
1.000000
1.000000
1.000000
1.000000
1.000000
1.000000
1.000000
1.000000
1.000000
1.000000
1.000000
1.000000
1.000000
1.000000
1.000000
1.000000
1.000000
1.000000
1.000000
1.000000
1.000000
1.000000
1.000000
1.000000
1.000000
1.000000
1.000000
1.000000
1.000000
1.000000
1.000000
1.000000
1.000000
1.000000
1.000000
1.000000
1.000000
1.000000
1.000000
1.000000
1.000000
1.000000
1.000000
1.000000
1.000000
1.000000
1.000000
1.000000
1.000000
1.000000
1.000000
1.000000
1.000000
1.000000
1.000000
1.000000
1.000000
1.000000
1.000000
1.000000
1.000000
1.000000
1.000000
1.000000
1.000000
1.000000
1.000000
1.000000
1.000000
1.000000
1.000000
1.000000
1.000000
1.000000
1.000000
1.000000
1.000000
1.000000
1.000000
1.000000
1.000000
1.000000
1.000000
1.000000
1.000000
1.000000
1.000000
1.000000
1.000000
1.000000
1.000000
1.000000
1.000000
1.000000
1.000000
1.000000
1.000000
1.000000
1.000000
1.000000
1.000000
1.000000
1.000000
1.000000
1.000000
1.000000
1.000000
1.000000
1.000000
1.000000
1.000000
1.000000
1.000000
1.000000
1.000000
1.000000
1.000000
1.000000
1.000000
1.000000
1.000000
1.000000
1.000000
1.000000
1.000000
1.000000
1.000000
1.000000
1.000000
1.000000
1.000000
1.000000
1.000000
1.000000
1.000000
1.000000
1.000000
1.000000
1.000000
1.000000
1.000000
1.000000
1.000000
1.000000
1.000000
1.000000
1.000000
1.000000
1.000000
1.000000
1.000000
1.000000
1.000000
1.000000
1.000000
1.000000
1.000000
1.000000
1.000000
1.000000
1.000000
1.000000
1.000000
1.000000
1.000000
1.000000
1.000000
1.000000
1.000000
1.000000
1.000000
1.000000
1.000000
1.000000
1.000000
1.000000
1.000000
1.000000
1.000000
1.000000
1.000000
1.000000
1.000000
1.000000
1.000000
1.000000
1.000000
1.000000
1.000000
1.000000
1.000000
1.000000
1.000000
1.000000
1.000000
1.000000
1.000000
1.000000
1.000000
1.000000
1.000000
1.000000
1.000000
1.000000
1.000000
1.000000
1.000000
1.000000
1.000000
1.000000
1.000000
1.000000
1.000000
1.000000
1.000000
1.000000
1.000000
1.000000
1.000000
1.000000
1.000000
1.000000
1.000000
1.000000
1.000000
1.000000
1.000000
1.000000
1.000000
1.000000
1.000000
1.000000
1.000000
1.000000
1.000000
1.000000
1.000000
1.000000
1.000000
1.000000
1.000000
1.000000
1.000000
1.000000
1.000000
1.000000
1.000000
1.000000
1.000000
1.000000
1.000000
1.000000
1.000000
1.000000
1.000000
1.000000
1.000000
1.000000
1.000000
1.000000
1.000000
1.000000
1.000000
1.000000
1.000000
1.000000
1.000000
1.000000
1.000000
1.000000
1.000000
1.000000
1.000000
1.000000
1.000000
1.000000
1.000000
1.000000
1.000000
1.000000
1.000000
1.000000
1.000000
1.000000
1.000000
1.000000
1.000000
1.000000
1.000000
1.000000
1.000000
1.000000
1.000000
1.000000
1.000000
1.000000
1.000000
1.000000
1.000000
1.000000
1.000000
1.000000
1.000000
1.000000
1.000000
1.000000
1.000000
1.000000
1.000000
1.000000
1.000000
1.000000
1.000000
1.000000
1.000000
1.000000
1.000000
1.000000
1.000000
1.000000
1.000000
1.000000
1.000000
1.000000
1.000000
1.000000
1.000000
1.000000
1.000000
1.000000
1.000000
1.000000
1.000000
1.000000
1.000000
1.000000
1.000000
1.000000
1.000000
1.000000
1.000000
1.000000
1.000000
1.000000
1.000000
1.000000
1.000000
1.000000
1.000000
1.000000
1.000000
1.000000
1.000000
1.000000
1.000000
1.000000
1.000000
1.000000
1.000000
1.000000
1.000000
1.000000
1.000000
1.000000
1.000000
1.000000
1.000000
1.000000
1.000000
1.000000
1.000000
1.000000
1.000000
1.000000
1.000000
1.000000
1.000000
1.000000
1.000000
1.000000
1.000000
1.000000
1.000000
1.000000
1.000000
1.000000
1.000000
1.000000
1.000000
1.000000
1.000000
1.000000
1.000000
1.000000
1.000000
1.000000
1.000000
1.000000
1.000000
1.000000
1.000000
1.000000
1.000000
1.000000
1.000000
1.000000
1.000000
1.000000
1.000000
1.000000
1.000000
1.000000
1.000000
1.000000
1.000000
1.000000
1.000000
1.000000
1.000000
1.000000
1.000000
1.000000
1.000000
1.000000
1.000000
1.000000
1.000000
1.000000
1.000000
1.000000
1.000000
1.000000
1.000000
1.000000
1.000000
1.000000
1.000000
1.000000
1.000000
1.000000
1.000000
1.000000
1.000000
1.000000
1.000000
1.000000
1.000000
1.000000
1.000000
1.000000
1.000000
1.000000
1.000000
1.000000
1.000000
1.000000
1.000000
1.000000
1.000000
1.000000
1.000000
1.000000
1.000000
1.000000
1.000000
1.000000
1.000000
1.000000
1.000000
1.000000
1.000000
1.000000
1.000000
1.000000
1.000000
1.000000
1.000000
1.000000
1.000000
1.000000
1.000000
1.000000
1.000000
1.000000
1.000000
1.000000
1.000000
1.000000
1.000000
1.000000
1.000000
1.000000
1.000000
1.000000
1.000000
1.000000
1.000000
1.000000
1.000000
1.000000
1.000000
1.000000
1.000000
1.000000
1.000000
1.000000
1.000000
1.000000
1.000000
1.000000
1.000000
1.000000
1.000000
1.000000
1.000000
1.000000
1.000000
1.000000
1.000000
1.000000
1.000000
1.000000
1.000000
1.000000
1.000000
1.000000
1.000000
1.000000
1.000000
1.000000
1.000000
1.000000
1.000000
1.000000
1.000000
1.000000
1.000000
1.000000
1.000000
1.000000
1.000000
1.000000
1.000000
1.000000
1.000000
1.000000
1.000000
1.000000
1.000000
1.000000
1.000000
1.000000
1.000000
1.000000
1.000000
1.000000
1.000000
1.000000
1.000000
1.000000
1.000000
1.000000
1.000000
1.000000
1.000000
1.000000
1.000000
1.000000
1.000000
1.000000
1.000000
1.000000
1.000000
1.000000
1.000000
1.000000
1.000000
1.000000
1.000000
1.000000
1.000000
1.000000
1.000000
1.000000
1.000000
1.000000
1.000000
1.000000
1.000000
1.000000
1.000000
1.000000
1.000000
1.000000
1.000000
1.000000
1.000000
1.000000
1.000000
1.000000
1.000000
1.000000
1.000000
1.000000
1.000000
1.000000
1.000000
1.000000
1.000000
1.000000
1.000000
1.000000
1.000000
1.000000
1.000000
1.000000
1.000000
1.000000
1.000000
1.000000
1.000000
1.000000
1.000000
1.000000
1.000000
1.000000
1.000000
1.000000
1.000000
1.000000
1.000000
1.000000
1.000000
1.000000
1.000000
1.000000
1.000000
1.000000
1.000000
1.000000
1.000000
1.000000
1.000000
1.000000
1.000000
1.000000
1.000000
1.000000
1.000000
1.000000
1.000000
1.000000
1.000000
1.000000
1.000000
1.000000
1.000000
1.000000
1.000000
1.000000
1.000000
1.000000
1.000000
1.000000
1.000000
1.000000
1.000000
1.000000
1.000000
1.000000
1.000000
1.000000
1.000000
1.000000
1.000000
1.000000
1.000000
1.000000
1.000000
1.000000
1.000000
1.000000
1.000000
1.000000
1.000000
1.000000
1.000000
1.000000
1.000000
1.000000
1.000000
1.000000
1.000000
1.000000
1.000000
1.000000
1.000000
1.000000
1.000000
1.000000
1.000000
1.000000
1.000000
1.000000
1.000000
1.000000
1.000000
1.000000
1.000000
1.000000
1.000000
1.000000
1.000000
1.000000
1.000000
1.000000
1.000000
1.000000
1.000000
1.000000
1.000000
1.000000
1.000000
1.000000
1.000000
1.000000
1.000000
1.000000
1.000000
1.000000
1.000000
1.000000
1.000000
1.000000
1.000000
1.000000
1.000000
1.000000
1.000000
1.000000
1.000000
1.000000
1.000000
1.000000
1.000000
1.000000
1.000000
1.000000
1.000000
1.000000
1.000000
1.000000
1.000000
1.000000
1.000000
1.000000
1.000000
1.000000
1.000000
1.000000
1.000000
1.000000
1.000000
1.000000
1.000000
1.000000
1.000000
1.000000
1.000000
1.000000
1.000000
1.000000
1.000000
1.000000
1.000000
1.000000
1.000000
1.000000
1.000000
1.000000
1.000000
1.000000
1.000000
1.000000
1.000000
1.000000
1.000000
1.000000
1.000000
1.000000
1.000000
1.000000
1.000000
1.000000
1.000000
1.000000
1.000000
1.000000
1.000000
1.000000
1.000000
1.000000
1.000000
1.000000
1.000000
1.000000
1.000000
1.000000
1.000000
1.000000
1.000000
1.000000
1.000000
1.000000
1.000000
1.000000
1.000000
1.000000
1.000000
1.000000
1.000000
1.000000
1.000000
1.000000
1.000000
1.000000
1.000000
1.000000
1.000000
1.000000
1.000000
1.000000
1.000000
1.000000
1.000000
1.000000
1.000000
1.000000
1.000000
1.000000
1.000000
1.000000
1.000000
1.000000
1.000000
1.000000
1.000000
1.000000
1.000000
1.000000
1.000000
1.000000
1.000000
1.000000
1.000000
1.000000
1.000000
1.000000
1.000000
1.000000
1.000000
1.000000
1.000000
1.000000
1.000000
1.000000
1.000000
1.000000
1.000000
1.000000
1.000000
1.000000
1.000000
1.000000
1.000000
1.000000
1.000000
1.000000
1.000000
1.000000
1.000000
1.000000
1.000000
1.000000
1.000000
1.000000
1.000000
1.000000
1.000000
1.000000
1.000000
1.000000
1.000000
1.000000
1.000000
1.000000
1.000000
1.000000
1.000000
1.000000
1.000000
1.000000
1.000000
1.000000
1.000000
1.000000
1.000000
1.000000
1.000000
1.000000
1.000000
1.000000
1.000000
1.000000
1.000000
1.000000
1.000000
1.000000
1.000000
1.000000
1.000000
1.000000
1.000000
1.000000
1.000000
1.000000
1.000000
1.000000
1.000000
1.000000
1.000000
1.000000
1.000000
1.000000
1.000000
1.000000
1.000000
1.000000
1.000000
1.000000
1.000000
1.000000
1.000000
1.000000
1.000000
1.000000
1.000000
1.000000
1.000000
1.000000
1.000000
1.000000
1.000000
1.000000
1.000000
1.000000
1.000000
1.000000
1.000000
1.000000
1.000000
1.000000
1.000000
1.000000
1.000000
1.000000
1.000000
1.000000
1.000000
1.000000
1.000000
1.000000
1.000000
1.000000
1.000000
1.000000
1.000000
1.000000
1.000000
1.000000
1.000000
1.000000
1.000000
1.000000
1.000000
1.000000
1.000000
1.000000
1.000000
1.000000
1.000000
1.000000
1.000000
1.000000
1.000000
1.000000
1.000000
1.000000
1.000000
1.000000
1.000000
1.000000
1.000000
1.000000
1.000000
1.000000
1.000000
1.000000
1.000000
1.000000
1.000000
1.000000
1.000000
1.000000
1.000000
1.000000
1.000000
1.000000
1.000000
1.000000
1.000000
1.000000
1.000000
1.000000
1.000000
1.000000
1.000000
1.000000
1.000000
1.000000
1.000000
1.000000
1.000000
1.000000
1.000000
1.000000
1.000000
1.000000
1.000000
1.000000
1.000000
1.000000
1.000000
1.000000
1.000000
1.000000
1.000000
1.000000
1.000000
1.000000
1.000000
1.000000
1.000000
1.000000
1.000000
1.000000
1.000000
1.000000
1.000000
1.000000
1.000000
1.000000
1.000000
1.000000
1.000000
1.000000
1.000000
1.000000
1.000000
1.000000
1.000000
1.000000
1.000000
1.000000
1.000000
1.000000
1.000000
1.000000
1.000000
1.000000
1.000000
1.000000
1.000000
1.000000
1.000000
1.000000
1.000000
1.000000
1.000000
1.000000
1.000000
1.000000
1.000000
1.000000
<Normals>:
561
-0.843128
0.314229
-0.436343
-0.660340
-0.564827
-0.494896
-0.970833
0.159100
-0.179360
-0.811338
-0.042323
-0.583043
-0.939184
0.267181
-0.215750
-0.832657
0.346270
-0.432180
-0.960743
0.130933
0.244600
-0.981716
0.175510
0.073694
-0.469693
0.010527
0.882767
-0.568158
0.025664
0.822520
-0.303686
-0.062683
0.950708
-0.303686
-0.062683
0.950708
-0.013879
0.025666
0.999574
-0.129035
0.010530
0.991584
0.757202
0.175510
0.629159
0.641036
0.130934
0.756260
0.929008
0.346268
0.130550
0.890342
0.267180
0.368656
0.999093
-0.042323
-0.004735
0.939953
0.314227
0.133228
0.824955
-0.564829
-0.020447
0.895033
0.159098
0.416657
0.472934
0.827576
-0.302410
0.660607
0.737326
-0.141244
0.738515
0.641392
-0.207875
0.542193
0.748155
-0.382479
0.263659
0.879399
-0.396410
0.899172
0.380815
-0.215569
0.940695
0.325969
0.094007
0.766530
0.624848
0.148311
0.282737
0.822191
-0.494026
0.635758
0.612577
-0.469641
0.174648
0.818881
-0.546747
0.141964
0.884495
-0.444427
0.014968
0.879399
-0.475850
0.964184
0.046644
-0.261099
0.678816
0.334475
-0.653709
0.983517
-0.142557
0.111226
0.829219
0.232197
0.508410
0.887419
-0.211751
0.409450
0.934426
-0.025571
-0.355239
0.949698
-0.293063
0.110402
0.656729
0.202281
-0.726491
0.867029
-0.376053
0.326871
0.792375
-0.277695
0.543165
0.788076
-0.414235
0.455351
0.376432
0.282068
-0.882461
0.388957
0.414640
-0.822670
0.290514
0.297431
-0.909470
0.345017
0.679407
-0.647588
0.274134
0.433997
-0.858194
0.220263
0.689936
-0.689545
0.159981
0.414640
-0.895812
0.204848
0.282068
-0.937270
0.056012
0.822191
-0.566449
0.094287
0.679407
-0.727679
-0.174151
0.334475
-0.926174
-0.113962
0.202281
-0.972674
-0.245773
0.612577
-0.751229
-0.220063
0.748155
-0.625968
-0.210046
0.827576
-0.520575
-0.634276
0.046644
-0.771698
-0.555454
-0.025571
-0.831154
-0.607696
0.380816
-0.696911
-0.481251
0.641392
-0.597507
-0.456397
0.737325
-0.498050
-0.556698
0.820483
-0.129983
-0.710563
0.624848
-0.323520
-0.820996
0.325969
-0.468733
-0.865870
-0.142556
-0.479527
-0.970397
0.232197
-0.066445
-0.837836
-0.293063
-0.460593
-0.960451
-0.211752
-0.180819
-0.895966
-0.376052
-0.236285
-0.960523
-0.277695
-0.016766
-0.906115
-0.414234
-0.085827
-0.968666
-0.210187
-0.132315
-0.891642
-0.392318
-0.225969
-0.987936
-0.021869
-0.153309
-0.910200
-0.330953
-0.249011
-0.927889
-0.315866
-0.198119
-0.990485
-0.085011
-0.108228
0.865994
-0.210189
0.453734
0.857525
-0.392320
0.332770
0.788076
-0.414235
0.455351
0.792375
-0.277695
0.543165
0.764533
0.110205
0.635094
0.805600
0.217426
0.551122
0.893867
-0.021871
0.447799
0.869810
-0.085012
0.486009
0.717919
0.351588
0.600815
0.768882
0.283118
0.573293
0.745016
0.303450
0.594028
0.749844
0.375856
0.544487
0.703036
0.403433
0.585647
0.537756
0.579819
0.612069
0.754767
-0.064451
0.652819
0.887419
-0.211751
0.409450
0.829219
0.232197
0.508410
0.662257
0.308577
0.682785
0.683781
0.167218
0.710268
0.646225
0.211336
0.733301
0.610766
0.332817
0.718469
0.615604
0.383474
0.688461
0.521523
0.418650
0.743469
0.500265
0.599784
0.624496
0.584560
0.364970
0.724629
0.412956
0.524883
0.744289
0.529647
0.480228
0.699181
0.570727
0.465417
0.676504
0.364730
0.717155
0.593853
0.366114
0.751109
0.549360
0.440982
0.592490
0.674160
0.534078
0.576755
0.618154
0.317381
0.779141
0.540564
0.314902
0.729796
0.606824
0.401187
0.697965
0.593207
0.349460
0.657767
0.667249
0.294348
0.751165
0.590856
0.333740
0.825325
0.455474
0.282908
0.800613
0.528187
0.410348
0.773436
0.483126
0.580360
0.663223
0.472566
0.766530
0.624848
0.148311
0.940695
0.325969
0.094007
0.528962
0.820483
0.216811
0.738515
0.641392
-0.207875
0.660607
0.737326
-0.141244
0.403241
0.887681
0.222304
0.425746
0.903791
0.043605
0.402883
0.911428
-0.083572
0.472934
0.827576
-0.302410
0.233244
0.944888
-0.229748
0.263659
0.879399
-0.396410
0.141964
0.884495
-0.444427
0.350255
0.923839
0.154410
0.271741
0.880215
0.389073
0.174040
0.983621
0.046909
0.266702
0.827047
0.494837
0.321757
0.748168
0.580274
0.367108
0.684552
0.629778
0.405036
0.659412
0.633342
0.352883
0.554540
0.753631
0.387737
0.566086
0.727466
0.326261
0.550976
0.768101
0.326054
0.528430
0.783869
0.369747
0.546376
0.751505
0.359983
0.519303
0.775073
0.312244
0.403906
0.859863
0.326562
0.419594
0.846935
0.195464
0.408115
0.891760
0.150758
0.379211
0.912946
0.057161
0.375854
0.924914
0.139449
0.346335
0.927689
0.313276
0.404255
0.859323
0.375929
0.589845
0.714675
0.057813
0.629297
0.775011
0.071067
0.682832
0.727111
-0.233021
0.643080
0.729486
0.085400
0.787158
0.610810
-0.209079
0.726548
0.654534
0.053139
0.792105
0.608068
-0.479421
0.682833
0.551267
-0.496390
0.629298
0.597981
0.040500
0.826691
0.561197
0.089450
0.887035
0.452955
-0.124908
0.911861
0.391033
0.103246
0.944468
0.311962
-0.164025
0.842274
0.513488
-0.176530
0.814512
0.552636
-0.173209
0.822177
0.542239
-0.423679
0.787158
0.448194
-0.070799
0.972555
0.221639
-0.395803
0.792105
0.464661
0.015341
0.998728
-0.048025
-0.358332
0.826691
0.433797
0.092536
0.952637
-0.289690
-0.056865
0.944888
-0.322418
0.014968
0.879399
-0.475850
-0.210046
0.827576
-0.520575
-0.169006
0.983621
-0.062670
-0.264974
0.944468
0.194341
-0.279830
0.911428
-0.301652
-0.456397
0.737325
-0.498050
-0.335468
0.887035
0.317222
-0.446971
0.880215
0.159493
-0.374909
0.923839
-0.077230
-0.535982
0.825325
0.177657
-0.504177
0.827047
0.248594
-0.372186
0.903791
-0.211279
-0.556698
0.820483
-0.129983
-0.457442
0.887681
-0.052625
-0.614434
0.773437
0.155778
-0.710563
0.624848
-0.323520
-0.598566
0.748168
0.286294
-0.536716
0.800613
0.266372
-0.664217
0.684553
0.300341
-0.670785
0.697965
0.250785
-0.697188
0.659412
0.281257
-0.793530
0.576754
0.194074
-0.724425
0.554541
0.409504
-0.792999
0.579819
0.186984
-0.711121
0.550977
0.436728
-0.720620
0.589845
0.364403
-0.737657
0.566086
0.367979
-0.720094
0.528430
0.449695
-0.736934
0.546377
0.397996
-0.742640
0.519303
0.422860
-0.753423
0.404256
0.518586
-0.752896
0.403905
0.519624
-0.757069
0.419592
0.500789
-0.676233
0.408113
0.613313
-0.652086
0.379210
0.656493
-0.651417
0.346335
0.675061
-0.582760
0.375852
0.720504
-0.912355
0.403433
0.069640
-0.926635
0.375856
0.008967
-0.857218
0.465418
0.220373
-0.951420
0.303450
0.052132
-0.958846
0.283119
0.021402
-0.935440
0.308578
0.172430
-0.991129
0.110205
0.074280
-0.975911
0.217427
-0.017950
-0.933274
0.351591
0.073371
-0.990485
-0.085011
-0.108228
-0.987936
-0.021869
-0.153309
-0.968666
-0.210187
-0.132315
-0.960523
-0.277695
-0.016766
-0.993447
-0.064451
0.094383
-0.960451
-0.211752
-0.180819
-0.970397
0.232197
-0.066445
-0.836891
0.480229
0.262665
-0.914170
0.332818
0.231356
-0.968911
0.167219
0.182346
-0.641453
0.717155
0.272447
-0.951661
0.211336
0.222885
-0.900717
0.383475
0.204100
-0.769653
0.599784
0.218844
-0.855945
0.418651
0.303463
-0.616787
0.751110
0.235390
-0.571980
0.779141
0.256473
-0.608372
0.729795
0.311902
-0.896388
0.364970
0.251567
-0.767958
0.524883
0.367068
-0.582367
0.751165
0.310806
-0.671559
0.657767
0.341104
-0.750139
0.592491
0.293678
-0.746841
0.663224
0.048616
-0.820996
0.325969
-0.468733
0.893867
-0.021871
0.447799
0.857525
-0.392320
0.332770
0.865994
-0.210189
0.453734
0.886005
-0.330954
0.324754
0.870916
-0.315866
0.376476
0.869810
-0.085012
0.486009
-0.907632
-0.409846
0.090720
-0.868282
-0.336959
-0.364067
-0.789207
0.239117
0.565664
-0.829630
-0.364903
-0.422564
-0.898799
-0.436693
0.038204
-0.854347
-0.317244
-0.411640
-0.685936
-0.376684
0.622576
-0.556919
0.097392
0.824837
-0.432428
-0.825737
0.362165
-0.804549
-0.587182
-0.088983
-0.851588
-0.339482
-0.399437
0.481581
-0.867095
0.127385
-0.366521
-0.899882
-0.236379
-0.777733
-0.449115
-0.439804
0.758588
-0.630203
0.165497
0.353893
-0.880146
-0.316389
0.941813
-0.120514
0.313792
-0.369882
-0.703204
-0.607200
0.536027
-0.787941
-0.303027
-0.069969
-0.747589
-0.660466
0.884426
-0.408784
-0.225138
0.131451
-0.712251
-0.689507
0.667038
-0.670129
-0.325558
0.191363
-0.610215
-0.768777
0.436773
-0.854904
-0.279944
-0.054791
-0.647991
-0.759675
0.473179
-0.871758
0.127041
0.805057
-0.543769
0.237064
0.190981
-0.979177
-0.068840
0.162546
-0.919446
-0.358047
0.060311
-0.674582
-0.735732
-0.660340
-0.564827
-0.494896
-0.811338
-0.042323
-0.583043
-0.789207
0.239117
0.565664
-0.868282
-0.336959
-0.364067
-0.957281
-0.021823
-0.288336
-0.811097
-0.530545
0.246260
-0.464382
0.274330
0.842076
-0.460259
0.287951
0.839789
-0.556919
0.097392
0.824837
-0.907632
-0.409846
0.090720
-0.811097
-0.530545
0.246260
-0.957281
-0.021823
-0.288336
-0.793461
-0.399702
-0.458975
-0.392243
-0.791892
-0.468031
0.008106
-0.941697
-0.336365
-0.723842
-0.356011
-0.591024
0.035904
-0.945423
-0.323861
-0.400891
-0.737910
-0.542932
-0.621874
-0.243549
-0.744283
0.112108
-0.937808
-0.328554
-0.260477
-0.669584
-0.695564
-0.662645
-0.354274
-0.659842
0.232667
-0.880653
-0.412695
-0.085440
-0.934485
-0.345598
-0.571858
-0.816181
-0.082629
0.505813
-0.862573
0.011024
0.029116
-0.997464
0.064949
-0.597975
-0.800873
0.032075
0.597289
-0.796466
0.094280
0.030374
-0.994957
-0.095593
-0.463858
-0.865505
0.189041
0.332970
-0.874992
-0.351453
-0.100621
-0.968711
-0.226881
-0.187134
-0.917987
0.349688
0.190375
-0.830127
-0.524067
0.027992
-0.991340
-0.128300
0.203194
-0.827969
-0.522667
-0.120322
-0.918497
0.376676
0.028682
-0.995548
-0.089790
0.171336
-0.826405
-0.536376
0.137429
-0.827969
-0.543674
0.051569
-0.991340
-0.120769
-0.050237
-0.917987
0.393417
0.148686
-0.830127
-0.537384
0.213513
-0.968711
-0.126536
0.268372
-0.865506
0.422938
-0.067570
-0.874992
-0.479399
0.030667
-0.994957
-0.095499
0.468648
-0.800873
0.372788
-0.541339
-0.796466
-0.269434
-0.061376
-0.997464
0.036043
0.513863
-0.816181
0.264185
-0.418538
-0.862573
-0.284243
0.269965
-0.934485
-0.232070
0.922456
-0.354273
-0.153511
0.049662
-0.880653
-0.471153
0.615469
-0.669583
-0.415760
0.938186
-0.243549
-0.245951
0.099120
-0.937808
-0.332703
0.641399
-0.737910
-0.209991
0.932425
-0.356012
-0.061960
0.158492
-0.945423
-0.284702
0.590931
-0.791892
-0.153973
0.188391
-0.941697
-0.278776
0.912602
-0.399704
0.085997
0.518144
-0.530542
0.670859
0.947164
-0.021822
0.320006
0.931518
-0.089060
0.352622
0.536027
-0.787941
-0.303027
0.941813
-0.120514
0.313792
0.884426
-0.408784
-0.225138
0.805057
-0.543769
0.237064
0.667038
-0.670129
-0.325558
0.686966
-0.409844
0.600088
0.315144
0.239113
0.918428
0.918550
-0.336956
0.206704
0.920966
-0.364902
0.136633
0.710212
-0.436694
0.552175
0.934772
-0.317246
0.159862
0.197999
-0.376682
0.904935
-0.024377
0.097384
0.994948
0.142401
-0.825736
0.545785
0.707148
-0.587183
0.393901
0.925450
-0.339484
0.168206
-0.466249
-0.867094
-0.175385
0.435681
-0.899882
0.019871
0.888672
-0.449118
0.092499
-0.714051
-0.630206
-0.304912
-0.104944
-0.880146
-0.462957
-0.949319
-0.120514
-0.290294
0.653389
-0.703204
-0.280334
-0.261096
-0.787941
-0.557654
0.439892
-0.747588
-0.497601
-0.590135
-0.408782
-0.696160
0.292606
-0.712249
-0.638030
-0.354785
-0.670129
-0.651962
0.289743
-0.610214
-0.737352
-0.793405
-0.543771
-0.273537
-0.963440
-0.089059
-0.252689
-0.459204
-0.871758
-0.170792
-0.193602
-0.854904
-0.481308
0.485039
-0.647990
-0.587236
-0.115710
-0.979177
-0.166806
0.075118
-0.919445
-0.385977
0.377372
-0.674578
-0.634456
0.824955
-0.564829
-0.020447
0.999093
-0.042323
-0.004735
0.315144
0.239113
0.918428
0.947164
-0.021822
0.320006
0.918550
-0.336956
0.206704
0.518144
-0.530542
0.670859
-0.109769
0.274333
0.955349
-0.111803
0.287959
0.951094
-0.024377
0.097384
0.994948
0.686966
-0.409844
0.600088
-0.963440
-0.089059
-0.252689
-0.949319
-0.120514
-0.290294
-0.261096
-0.787941
-0.557654
-0.590135
-0.408782
-0.696160
0.108448
-0.979330
0.170737
-0.187263
-0.553554
0.811487
0.143443
-0.973929
0.175747
-0.195406
-0.539429
0.819044
-0.138333
-0.488865
0.861322
0.020064
-0.984114
0.176403
0.075209
-0.968978
0.235424
-0.320626
0.568783
0.757420
-0.349181
0.562132
0.749720
0.053408
0.900951
-0.430621
0.068100
0.906733
-0.416170
0.189880
0.921681
-0.338304
-0.136733
0.598708
0.789210
-0.017913
-0.407916
0.912844
0.042940
0.633231
0.772771
0.211111
0.914265
-0.345763
-0.199741
0.827063
-0.525423
0.132867
-0.302041
0.943991
0.424263
-0.835118
0.350112
0.829336
-0.391170
0.398984
-0.138372
0.714503
0.685812
0.287900
-0.110309
0.951286
-0.573857
0.531433
0.623111
-0.637618
0.425883
-0.641924
-0.811869
0.066423
-0.580049
-0.799782
0.082999
0.594526
-0.831031
-0.144531
-0.537121
0.301162
0.114535
0.946670
0.933517
0.125615
0.335808
-0.751815
-0.274951
0.599313
-0.556161
0.816730
0.153746
0.255232
0.220538
0.941392
0.832265
0.484520
0.269398
0.397290
-0.051968
-0.916221
0.053408
0.900951
-0.430621
0.068100
0.906733
-0.416170
0.374063
-0.041824
-0.926460
0.371997
-0.779416
-0.504113
0.189880
0.921681
-0.338304
0.329043
-0.789780
-0.517666
0.143443
-0.973929
0.175747
0.108448
-0.979330
0.170737
0.020064
-0.984114
0.176403
0.322038
-0.017601
-0.946563
0.211111
0.914265
-0.345763
0.185194
-0.813640
-0.551084
0.185307
-0.057977
-0.980969
0.134764
-0.862292
-0.488151
0.446015
-0.817691
-0.363940
0.075209
-0.968978
0.235424
0.424263
-0.835118
0.350112
0.829336
-0.391170
0.398984
0.111861
-0.214831
-0.970224
-0.199741
0.827063
-0.525423
-0.637618
0.425883
-0.641924
0.839281
-0.411713
-0.355105
0.933517
0.125615
0.335808
0.223199
-0.163253
-0.961005
0.904224
0.132267
-0.406060
0.832265
0.484520
0.269398
0.191476
0.118349
-0.974336
-0.811869
0.066423
-0.580049
-0.831031
-0.144531
-0.537121
0.751497
0.509403
-0.419239
-0.556161
0.816730
0.153746
0.081450
0.326271
-0.941761
-0.187345
-0.979330
0.076252
-0.218763
-0.973929
0.060047
-0.317843
-0.553554
0.769776
-0.315588
-0.539429
0.780654
-0.386601
-0.488865
0.782017
-0.118611
-0.984114
0.132106
-0.197759
-0.968979
0.148228
-0.177832
0.568783
0.803033
-0.150101
0.562132
0.813313
0.206119
0.900951
-0.381841
0.185769
0.906733
-0.378583
0.041401
0.921681
-0.385733
-0.346101
0.598708
0.722331
-0.514590
-0.407917
0.754189
-0.482973
0.633232
0.604777
0.028425
0.914265
-0.404118
0.467348
0.827063
-0.312334
-0.655505
-0.302041
0.692159
-0.548662
-0.835119
0.039328
-0.907057
-0.391170
-0.155674
-0.284825
0.714504
0.639030
-0.786059
-0.110310
0.608230
0.106367
0.531432
0.840396
0.891676
0.425883
-0.153419
0.997790
0.066422
-0.001988
0.307027
0.082998
0.948075
0.988517
-0.144530
0.044100
-0.794187
0.114534
0.596782
-0.955322
0.125616
-0.267547
0.265167
-0.274951
0.924169
0.364027
0.816732
0.447697
-0.753703
0.220537
0.619109
-0.834321
0.484519
-0.262963
0.207424
-0.051968
-0.976870
0.185769
0.906733
-0.378583
0.206119
0.900951
-0.381841
0.232286
-0.041824
-0.971748
-0.010871
-0.779415
-0.626413
0.041401
0.921681
-0.385733
0.031985
-0.789780
-0.612555
-0.218763
-0.973929
0.060047
-0.187345
-0.979330
0.076252
-0.118611
-0.984114
0.132106
0.286330
-0.017601
-0.957969
0.028425
0.914265
-0.404118
0.168569
-0.813639
-0.556395
0.417687
-0.057977
-0.906740
0.173178
-0.862292
-0.475881
-0.152442
-0.817691
-0.555107
-0.197759
-0.968979
0.148228
-0.548662
-0.835119
0.039328
-0.907057
-0.391170
-0.155674
0.471303
-0.214830
-0.855407
0.467348
0.827063
-0.312334
0.891676
0.425883
-0.153419
-0.478006
-0.411712
-0.775889
-0.955322
0.125616
-0.267547
0.375239
-0.163253
-0.912439
-0.501384
0.132267
-0.855056
-0.834321
0.484519
-0.262963
0.408813
0.118349
-0.904912
0.997790
0.066422
-0.001988
0.988517
-0.144530
0.044100
-0.369299
0.509403
-0.777256
0.364027
0.816732
0.447697
0.479580
0.326273
-0.814585
-0.794744
0.304370
-0.525110
-0.908788
-0.396786
-0.129094
-0.908354
-0.404465
-0.106308
-0.858950
0.110058
-0.500091
-0.808846
-0.311800
0.498548
-0.435799
0.870989
-0.226841
-0.726622
-0.199598
0.657405
-0.400863
0.898884
-0.176963
-0.340071
0.439165
0.831557
-0.098762
0.897929
0.428918
-0.344551
0.431611
0.833665
-0.102257
0.911194
0.399084
0.951987
0.304370
0.032852
0.801775
-0.404464
0.439962
0.815338
-0.396785
0.421647
0.989800
0.110059
0.090458
0.370051
-0.311799
0.875125
0.486601
0.870989
0.067803
0.210962
-0.199597
0.956899
0.429219
0.898884
0.088192
-0.204965
0.439165
0.874713
-0.168175
0.897929
0.406745
-0.202537
0.431611
0.879028
-0.148032
0.911195
0.384462
<TexCoords>:
561
0.914027
0.529059
0.914632
0.537930
0.914097
0.546971
0.914725
0.524476
0.910381
0.516343
0.911302
0.515931
0.910746
0.502120
0.911855
0.503021
0.915141
0.488248
0.915305
0.491448
0.922624
0.495741
0.922194
0.497850
0.929484
0.491791
0.930538
0.488621
0.932215
0.503513
0.934108
0.502685
0.931985
0.516429
0.933635
0.516903
0.927729
0.524788
0.929054
0.529419
0.927016
0.538226
0.927415
0.547289
0.089112
0.174483
0.101474
0.196165
0.102002
0.209563
0.090287
0.178289
0.077889
0.156422
0.103955
0.222985
0.108746
0.238496
0.105105
0.222429
0.078257
0.160943
0.092379
0.184033
0.072736
0.161498
0.072106
0.156248
0.066329
0.153733
0.103888
0.232719
0.091844
0.192075
0.108219
0.254333
0.109183
0.279522
0.109147
0.291760
0.102666
0.244083
0.106385
0.270313
0.090669
0.203886
0.107746
0.302821
0.101867
0.351988
0.100489
0.362774
0.076153
0.190481
0.077469
0.177361
0.073849
0.190082
0.078556
0.168663
0.073631
0.176642
0.073355
0.167786
0.069799
0.175539
0.071545
0.189372
0.067214
0.158363
0.068163
0.166216
0.055113
0.183253
0.056742
0.195642
0.054003
0.174889
0.054711
0.169856
0.054810
0.166380
0.042437
0.217420
0.044097
0.229343
0.041829
0.207659
0.042709
0.195115
0.042540
0.181986
0.040996
0.200752
0.037677
0.205809
0.034918
0.220038
0.035913
0.235987
0.031826
0.259447
0.038131
0.252735
0.032263
0.271589
0.034050
0.283291
0.037647
0.334212
0.039450
0.345719
0.043450
0.402412
0.045357
0.414267
0.043250
0.449312
0.044448
0.462277
0.045407
0.497238
0.044520
0.485245
0.093285
0.416989
0.091839
0.427987
0.100489
0.362774
0.101867
0.351988
0.093264
0.404696
0.091194
0.451702
0.091748
0.464035
0.088982
0.499116
0.088033
0.489988
0.086570
0.474735
0.088451
0.431094
0.084774
0.465753
0.085762
0.416175
0.083053
0.469260
0.101930
0.339204
0.109147
0.291760
0.109183
0.279522
0.089706
0.386213
0.094960
0.381033
0.102207
0.331885
0.091159
0.373282
0.093954
0.356957
0.100801
0.323923
0.088104
0.329770
0.107507
0.281974
0.103544
0.278289
0.087549
0.355247
0.086325
0.369738
0.083470
0.324130
0.089039
0.283600
0.103893
0.263616
0.081413
0.395202
0.085137
0.275136
0.096360
0.258869
0.079948
0.330766
0.098835
0.251909
0.091649
0.246569
0.089174
0.230474
0.081643
0.269309
0.099118
0.247146
0.104348
0.257792
0.105105
0.222429
0.108746
0.238496
0.100921
0.215440
0.102002
0.209563
0.101474
0.196165
0.094147
0.212507
0.098247
0.196139
0.087718
0.174404
0.089112
0.174483
0.077386
0.157453
0.077889
0.156422
0.072106
0.156248
0.085509
0.186877
0.082709
0.214152
0.076906
0.170356
0.077905
0.267084
0.076686
0.333233
0.077135
0.389157
0.077704
0.454123
0.077002
0.475682
0.081748
0.481940
0.075421
0.491541
0.080519
0.491638
0.076535
0.522656
0.080170
0.527282
0.075727
0.553387
0.078906
0.563301
0.075781
0.587252
0.072594
0.577305
0.068587
0.604222
0.069401
0.567339
0.072530
0.543415
0.072879
0.518002
0.070280
0.491444
0.071947
0.469549
0.064560
0.503194
0.072635
0.442893
0.064785
0.474132
0.073297
0.385199
0.057751
0.465201
0.059063
0.487950
0.072546
0.334054
0.074144
0.264844
0.067916
0.261411
0.076306
0.202756
0.066746
0.332461
0.066059
0.383218
0.065238
0.440882
0.057866
0.438462
0.069583
0.191925
0.058846
0.381059
0.070482
0.164820
0.060961
0.330873
0.071486
0.157228
0.065592
0.154706
0.066329
0.153733
0.054810
0.166380
0.063898
0.167287
0.062524
0.199399
0.055137
0.166706
0.042540
0.181986
0.061850
0.261670
0.056103
0.207611
0.055267
0.179640
0.049757
0.220648
0.058543
0.262079
0.044682
0.183242
0.040996
0.200752
0.046839
0.200926
0.040707
0.232392
0.037677
0.205809
0.057160
0.327881
0.055269
0.262484
0.055373
0.382909
0.054460
0.323800
0.053188
0.446713
0.051703
0.386638
0.053297
0.468396
0.048387
0.458672
0.054549
0.485046
0.056085
0.512669
0.049158
0.471887
0.050092
0.482180
0.052885
0.515126
0.049713
0.517561
0.056038
0.538080
0.053281
0.546078
0.050548
0.554008
0.052982
0.579648
0.055949
0.571788
0.058930
0.563890
0.059595
0.601181
0.047926
0.405095
0.047589
0.454431
0.048362
0.359034
0.045911
0.418497
0.046461
0.462444
0.045674
0.373639
0.043034
0.390147
0.043839
0.437460
0.045400
0.476776
0.044520
0.485245
0.043250
0.449312
0.043450
0.402412
0.037647
0.334212
0.037198
0.321478
0.032263
0.271589
0.031826
0.259447
0.047604
0.344123
0.044658
0.360147
0.041741
0.365918
0.051616
0.315482
0.036851
0.314101
0.042748
0.342698
0.047694
0.318758
0.038037
0.306955
0.048290
0.272936
0.051917
0.266501
0.042746
0.245172
0.033025
0.262595
0.036379
0.260855
0.047226
0.235335
0.040799
0.237185
0.036342
0.246314
0.036073
0.240399
0.034918
0.220038
0.091748
0.464035
0.091839
0.427987
0.093285
0.416989
0.090570
0.476415
0.088093
0.510672
0.088982
0.499116
0.893294
0.436897
0.892014
0.432845
0.891306
0.440075
0.893880
0.430223
0.896175
0.435981
0.896749
0.429418
0.892921
0.439356
0.889871
0.439743
0.896071
0.444396
0.898890
0.440151
0.899513
0.433825
0.898486
0.456559
0.900228
0.450963
0.901403
0.445350
0.899835
0.467211
0.900561
0.460576
0.901173
0.474059
0.902414
0.455601
0.901260
0.466945
0.903515
0.462187
0.899926
0.488243
0.902408
0.483393
0.900491
0.507394
0.902530
0.502292
0.904545
0.525177
0.905716
0.519562
0.904231
0.532706
0.900637
0.515010
0.914097
0.546971
0.911517
0.536246
0.910473
0.525177
0.914632
0.537930
0.914725
0.524476
0.891306
0.440075
0.892014
0.432845
0.892501
0.436833
0.892041
0.443199
0.887945
0.442273
0.888621
0.446459
0.889871
0.439743
0.893294
0.436897
0.892041
0.443199
0.892501
0.436833
0.890987
0.406827
0.889224
0.409420
0.888621
0.446459
0.891839
0.365092
0.886144
0.413864
0.889567
0.364268
0.881084
0.312372
0.885957
0.366200
0.878765
0.306940
0.872083
0.271558
0.875265
0.306021
0.869707
0.265785
0.872806
0.214788
0.867197
0.263301
0.870387
0.208710
0.877606
0.161623
0.868934
0.203845
0.876002
0.154034
0.897908
0.138526
0.874638
0.148957
0.897240
0.130413
0.921014
0.128995
0.896374
0.125485
0.920846
0.120794
0.920849
0.115671
0.924636
0.129074
0.924561
0.120873
0.924681
0.115743
0.928520
0.115877
0.928283
0.120992
0.928265
0.129188
0.952754
0.126988
0.951658
0.131862
0.951141
0.139941
0.973273
0.151571
0.971699
0.156567
0.970296
0.164072
0.979063
0.206724
0.977396
0.211504
0.975173
0.217456
0.980799
0.266225
0.978100
0.268573
0.975891
0.274225
0.970945
0.308457
0.967398
0.309196
0.965309
0.314513
0.958663
0.368022
0.955122
0.365912
0.953264
0.366632
0.957523
0.415631
0.954517
0.411038
0.954328
0.448071
0.953202
0.408369
0.951089
0.444649
0.950974
0.438272
0.900288
0.495684
0.901260
0.466945
0.901173
0.474059
0.899926
0.488243
0.900637
0.515010
0.900491
0.507394
0.950793
0.438312
0.952457
0.441578
0.951965
0.434321
0.950492
0.431618
0.948693
0.437273
0.948393
0.430691
0.951857
0.440804
0.954054
0.441320
0.949392
0.445705
0.946572
0.441322
0.946230
0.434976
0.947263
0.457752
0.945434
0.452071
0.944573
0.446409
0.945648
0.468329
0.944851
0.461659
0.944044
0.475103
0.943309
0.456602
0.943935
0.467986
0.941961
0.463126
0.944254
0.489318
0.942040
0.484356
0.942334
0.508404
0.940662
0.503213
0.942153
0.516010
0.943837
0.496738
0.937835
0.533512
0.937523
0.525969
0.936778
0.520309
0.927415
0.547289
0.930132
0.536692
0.931662
0.525686
0.927016
0.538226
0.927729
0.524788
0.952457
0.441578
0.950974
0.438272
0.951965
0.434321
0.951089
0.444649
0.955554
0.443934
0.954328
0.448071
0.954054
0.441320
0.950793
0.438312
0.943837
0.496738
0.944044
0.475103
0.943935
0.467986
0.944254
0.489318
0.015593
0.241676
0.018616
0.162819
0.013300
0.168637
0.020560
0.235604
0.020847
0.335674
0.016108
0.341060
0.011529
0.455740
0.048941
0.226700
0.048517
0.157591
0.058432
0.170942
0.058583
0.238061
0.056645
0.334156
0.047689
0.325908
0.017403
0.447622
0.036542
0.431631
0.042058
0.432311
0.035724
0.517002
0.020390
0.546934
0.015919
0.556144
0.039237
0.632803
0.032586
0.523478
0.040439
0.622923
0.045395
0.587947
0.046655
0.573579
0.070811
0.596441
0.070961
0.612578
0.101015
0.597612
0.070122
0.644453
0.069789
0.651891
0.101662
0.609203
0.136138
0.578599
0.101629
0.629573
0.101265
0.633795
0.032669
0.179519
0.058432
0.170942
0.058583
0.238061
0.034077
0.249767
0.021595
0.178226
0.056645
0.334156
0.023547
0.249858
0.013300
0.168637
0.015593
0.241676
0.016108
0.341060
0.033228
0.345533
0.042058
0.432311
0.023355
0.346724
0.026300
0.447235
0.016244
0.455283
0.018607
0.549317
0.011529
0.455740
0.015919
0.556144
0.039237
0.632803
0.025547
0.534210
0.035724
0.517002
0.046655
0.573579
0.040091
0.618579
0.069789
0.651891
0.042210
0.596541
0.069496
0.636452
0.101265
0.633795
0.069658
0.615075
0.070811
0.596441
0.101015
0.597612
0.100642
0.623068
0.136138
0.578599
0.100439
0.608820
0.046662
0.384041
0.032600
0.367387
0.029993
0.379482
0.044167
0.395202
0.064473
0.410522
0.066713
0.399846
0.091227
0.405132
0.029735
0.469043
0.015608
0.458050
0.011081
0.489278
0.024917
0.499088
0.045480
0.507476
0.050626
0.479911
0.087978
0.418357
0.076067
0.466561
0.071696
0.483135
0.090775
0.479204
0.105423
0.441569
0.108345
0.432070
0.112227
0.504651
0.095134
0.470337
0.110608
0.505639
0.101412
0.513720
0.096413
0.516391
0.090067
0.582643
0.094434
0.584277
0.077357
0.661170
0.101194
0.586411
0.102104
0.587113
0.080131
0.663894
0.059245
0.749510
0.084256
0.666503
0.084826
0.666414
0.023521
0.423301
0.024917
0.499088
0.011081
0.489278
0.037419
0.436960
0.028786
0.393189
0.045480
0.507476
0.042717
0.408572
0.032600
0.367387
0.046662
0.384041
0.066713
0.399846
0.057374
0.448332
0.071696
0.483135
0.062581
0.421951
0.080790
0.444845
0.087411
0.419114
0.104418
0.439462
0.091227
0.405132
0.108345
0.432070
0.112227
0.504651
0.097884
0.455859
0.090775
0.479204
0.096413
0.516391
0.107768
0.506001
0.102104
0.587113
0.102099
0.508761
0.098180
0.585018
0.084826
0.666414
0.093574
0.582751
0.090067
0.582643
0.077357
0.661170
0.082351
0.663777
0.059245
0.749510
0.079413
0.661473
0.870853
0.548386
0.936046
0.567628
0.935657
0.558524
0.891079
0.547019
0.974893
0.546507
0.865775
0.501237
0.989587
0.549838
0.888315
0.516662
0.975594
0.518653
0.933003
0.488791
0.990708
0.507122
0.934368
0.505494
0.988253
0.642274
0.923071
0.645499
0.924081
0.660062
0.966741
0.634666
0.885763
0.631452
0.996578
0.586599
0.873076
0.639629
0.971345
0.599030
0.886227
0.599112
0.931761
0.568462
0.873849
0.590539
0.927194
0.583680
<SubMeshes>:
1
<SubMesh>:
0
2226
0
1
2
0
3
1
4
3
0
4
5
3
6
5
4
6
7
5
8
7
6
8
9
7
10
9
8
10
11
9
10
12
11
10
13
12
13
14
12
13
15
14
15
16
14
15
17
16
17
18
16
17
19
18
19
20
18
19
21
20
22
23
24
22
24
25
26
22
25
25
24
27
28
27
24
28
24
29
26
25
30
25
27
31
30
25
31
32
26
30
32
33
26
32
34
33
28
35
27
27
36
31
27
35
36
28
37
35
38
37
28
38
39
37
37
40
35
37
41
40
39
41
37
35
40
42
35
42
36
39
43
41
44
43
39
44
45
43
36
42
46
36
46
47
31
36
47
47
46
48
31
47
49
30
31
49
47
48
50
49
47
50
51
30
49
49
50
51
51
32
30
52
50
48
52
48
53
51
54
32
32
54
34
55
51
50
55
50
52
51
55
54
56
52
53
56
53
57
58
55
52
54
55
58
58
52
56
34
54
59
54
58
59
34
59
60
61
56
57
61
57
62
63
58
56
59
58
63
63
56
61
60
59
64
59
63
64
60
64
65
66
65
64
66
64
67
68
67
64
68
64
63
68
63
61
69
61
62
68
61
69
70
68
69
69
62
71
70
69
72
72
69
71
72
71
73
74
72
73
74
73
75
76
74
75
76
75
77
78
76
77
78
77
79
80
78
79
80
81
78
82
83
84
82
84
85
86
82
85
87
82
86
87
88
82
89
88
87
89
87
90
91
90
87
91
87
92
92
87
86
93
91
92
93
92
94
95
93
94
86
85
96
96
85
97
96
97
98
92
86
99
94
92
99
96
100
86
98
101
96
96
101
100
86
100
102
86
102
99
103
100
101
100
103
102
103
101
104
102
103
105
104
101
106
98
106
101
104
106
107
99
102
108
102
105
108
94
99
109
99
108
109
108
105
110
109
108
110
110
105
111
107
106
112
112
106
98
113
94
109
95
94
113
110
111
114
114
111
115
109
110
116
113
109
116
116
110
114
117
115
107
117
107
112
114
115
118
118
115
117
119
118
117
120
114
118
116
114
120
120
118
119
121
117
112
119
117
121
121
112
122
112
98
122
98
123
122
121
122
123
98
124
123
121
123
125
125
123
126
125
126
127
128
121
125
128
119
121
129
125
127
129
128
125
130
129
127
130
128
129
130
127
131
132
130
131
132
131
133
134
132
133
130
135
128
135
119
128
132
135
130
135
136
119
132
137
135
137
136
135
138
119
136
138
120
119
139
120
138
139
116
120
140
116
139
140
113
116
141
113
140
141
95
113
142
95
141
142
143
95
144
143
142
144
145
143
146
145
144
146
147
145
148
147
146
148
149
147
150
149
148
150
148
151
152
150
151
152
151
153
151
154
153
151
148
154
154
148
146
154
146
155
155
146
144
155
144
156
156
144
142
156
142
157
157
142
141
157
158
156
157
141
159
159
141
140
157
160
158
159
160
157
159
140
161
161
140
139
162
158
160
162
163
158
161
139
164
164
139
138
164
138
165
166
164
165
165
138
136
165
136
167
167
166
165
137
167
136
168
161
164
166
168
164
169
159
161
168
169
161
159
170
160
169
170
159
171
160
170
169
171
170
171
162
160
137
172
167
167
172
166
168
173
169
169
173
171
137
174
172
132
174
137
166
175
168
168
175
173
132
176
174
177
174
176
134
176
132
134
177
176
134
178
177
177
178
179
180
172
174
177
180
174
181
166
172
180
181
172
177
179
182
182
179
183
181
184
166
166
184
175
180
185
181
184
181
185
177
186
180
177
182
186
180
186
185
186
187
185
184
185
188
175
184
188
188
185
187
182
183
189
189
183
190
182
191
186
182
189
191
189
190
191
186
191
187
191
190
192
191
192
187
192
190
193
175
188
194
173
175
194
188
187
195
194
188
195
173
194
196
171
173
196
194
195
197
196
194
197
171
196
198
162
171
198
196
197
199
198
196
199
162
198
200
163
162
200
198
199
201
200
198
201
163
200
202
203
163
202
200
201
204
202
200
204
202
204
205
203
202
206
206
202
205
206
205
207
208
203
206
209
206
207
208
206
209
209
207
210
211
209
210
212
208
209
211
212
209
212
213
208
214
212
211
214
213
212
201
199
215
201
215
216
199
217
215
199
197
217
216
215
218
216
218
219
215
217
220
215
220
218
218
220
221
219
218
222
218
221
222
219
222
223
224
223
222
224
222
225
222
226
225
222
221
226
221
227
226
221
228
227
228
229
227
228
230
229
220
217
231
221
220
232
220
231
232
228
221
233
221
232
233
217
234
231
217
197
234
228
233
235
230
228
235
233
232
236
236
235
233
232
231
237
232
237
236
231
234
237
236
238
235
234
239
237
197
240
234
234
240
239
197
195
240
240
241
239
238
242
235
230
235
242
238
243
242
195
244
240
240
244
241
195
187
244
244
245
241
187
245
244
245
243
241
187
192
245
243
246
242
245
246
243
192
246
245
246
230
242
192
247
246
246
247
230
192
193
247
230
247
193
230
193
248
249
250
251
249
252
250
253
252
249
253
249
254
255
256
257
255
258
256
259
258
255
259
260
258
261
259
255
261
255
262
263
259
261
264
260
259
263
264
259
264
265
260
266
264
263
267
265
264
266
267
264
267
268
265
269
267
266
270
268
267
269
270
267
271
270
269
270
272
268
271
273
270
273
272
270
273
274
272
275
274
273
275
276
274
277
276
275
277
278
276
279
278
277
279
280
278
281
279
277
281
277
282
283
279
281
284
280
279
283
284
279
284
285
280
286
284
283
286
285
284
286
287
285
288
289
290
288
290
291
292
288
291
292
291
293
294
288
292
294
295
288
296
297
298
296
298
299
300
296
299
299
298
301
300
299
302
299
301
303
302
299
303
303
301
304
302
303
305
303
304
306
305
303
306
306
304
307
305
306
308
306
307
309
308
306
309
309
307
310
308
309
311
309
310
312
311
309
312
312
310
313
311
312
314
312
313
315
314
312
315
315
313
316
314
315
317
315
316
318
317
315
318
318
316
319
317
318
320
318
319
321
320
318
321
320
321
322
321
319
323
322
321
324
321
323
324
322
324
325
326
325
324
327
324
323
326
324
327
327
323
328
329
326
327
330
327
328
329
327
330
330
328
331
332
329
330
333
330
331
332
330
333
333
331
334
335
332
333
336
333
334
335
333
336
336
334
337
338
335
336
339
336
337
338
336
339
339
337
340
341
338
339
342
339
340
341
339
342
342
340
343
344
341
342
345
342
343
344
342
345
345
343
346
347
344
345
348
345
346
347
345
348
349
347
348
348
346
350
349
348
351
351
348
350
351
350
352
353
354
355
353
356
354
357
356
353
357
358
356
359
360
361
359
361
362
363
359
362
363
362
364
365
359
363
365
366
359
367
365
363
368
363
364
367
363
368
368
364
369
370
367
368
371
368
369
370
368
371
371
369
372
373
370
371
374
371
372
373
371
374
375
373
374
374
372
376
375
374
377
377
374
376
377
376
378
379
377
378
379
378
380
381
379
380
381
380
382
383
379
381
383
384
379
385
383
381
386
381
382
385
381
386
386
382
387
388
385
386
389
386
387
388
386
389
389
387
390
391
388
389
391
389
390
391
390
392
393
394
395
393
396
394
397
396
393
397
398
396
399
397
393
399
393
400
401
402
403
401
403
404
405
406
407
405
408
406
405
409
408
405
410
409
411
409
410
406
408
412
406
412
413
412
414
413
412
415
414
416
415
412
408
417
412
408
409
417
416
412
417
411
418
409
418
417
409
419
416
417
418
419
417
419
420
416
421
420
419
422
418
411
422
411
423
424
422
423
425
419
418
421
419
425
425
418
422
424
426
422
426
425
422
427
421
425
426
427
425
427
428
421
427
429
428
427
430
429
426
430
427
431
429
430
424
432
426
426
432
430
424
433
432
431
430
434
432
434
430
435
431
434
433
436
432
432
436
434
435
434
436
433
437
436
436
437
435
438
439
440
438
440
441
441
442
438
441
440
443
441
444
442
444
445
442
444
446
445
444
447
446
441
443
448
448
443
449
441
450
444
444
450
447
441
448
450
448
449
451
451
450
448
452
447
450
451
452
450
453
452
451
452
454
447
453
454
452
453
455
454
453
456
455
457
451
449
453
451
457
457
449
458
457
458
459
453
460
456
460
461
456
462
453
457
457
459
462
462
460
453
460
463
461
462
463
460
463
464
461
459
465
462
462
465
463
459
466
465
465
466
467
463
468
464
465
468
463
464
468
469
465
467
470
465
470
468
468
470
469
470
467
469
471
472
473
471
473
474
471
474
475
471
475
476
477
476
475
473
478
474
473
479
478
478
479
480
478
480
481
482
478
481
474
478
483
474
483
475
482
483
478
477
475
484
484
475
483
485
483
482
484
483
485
485
482
486
487
485
486
488
477
484
488
489
477
490
489
488
491
484
485
487
491
485
491
488
484
490
488
492
492
488
491
493
491
487
492
491
493
493
487
494
493
494
495
493
495
496
492
493
496
497
496
495
490
492
498
492
496
498
490
498
499
497
500
496
498
496
500
501
500
497
499
498
502
498
500
502
501
502
500
499
502
503
502
501
503
504
505
506
504
507
505
507
504
508
507
509
505
507
508
510
510
508
511
510
511
512
510
512
513
507
514
509
514
515
509
507
510
516
510
513
516
507
516
514
514
517
515
517
514
516
518
516
513
517
516
518
519
517
518
518
513
520
519
518
520
519
520
521
519
521
522
523
515
517
519
523
517
523
524
515
523
525
524
519
522
526
526
522
527
528
523
519
523
528
525
528
519
526
526
527
529
528
526
529
529
527
530
525
528
531
528
529
531
525
531
532
531
533
532
529
530
534
531
529
534
530
535
534
531
536
533
536
535
533
534
535
536
531
534
536
537
538
539
537
539
540
538
541
539
542
537
540
538
543
541
542
540
544
543
545
541
546
542
544
543
547
545
546
544
548
547
546
548
547
548
545
549
550
551
549
552
550
551
550
553
554
552
549
551
553
555
554
556
552
555
553
557
558
556
554
555
557
559
558
560
556
559
557
560
559
560
558
</Mesh>
<Materials>:
1
<Material>:
0
<AlbedoColor>:
1.000000
1.000000
1.000000
1.000000
<AlbedoMap>:
Gradients_02.png
<EmissiveColor>:
0.000000
0.000000
0.000000
1.000000
<SpecularColor>:
0.200000
0.200000
0.200000
1.000000
<Glossiness>:
0.500000
<Smoothness>:
0.500000
<Metallic>:
0.000000
<SpecularHighlight>:
1.000000
<GlossyReflection>:
1.000000
</Materials>
<Children>:
0
</Frame>
</Hierarchy>
